-5 -5 0 0
-4.9671 -4.99459 0.251871 0.185549
-4.87631 -4.95747 0.503741 0.371097
-4.74514 -4.86094 0.755612 0.556646
-4.6008 -4.68493 1.00748 0.742195
-4.43269 -4.49622 0.666402 0.709875
-4.22103 -4.38002 0.325322 0.677556
-3.9938 -4.34311 -0.0157576 0.645237
-3.77838 -4.3823 -0.356837 0.612917
-3.59824 -4.48567 -0.697917 0.580598
-3.41118 -4.62853 -0.607911 0.759731
-3.15907 -4.78751 -0.517905 0.938865
-2.86047 -4.97692 -0.613198 1.0785
-2.54265 -5.22382 -0.70849 1.21814
-2.22163 -5.41947 -0.361905 0.948503
-1.9454 -5.47638 -0.0153194 0.67887
-1.75905 -5.45039 0.331266 0.409238
-1.67504 -5.40763 0.677851 0.139606
-1.60622 -5.3706 0.34105 0.304309
-1.47255 -5.34827 0.00424796 0.469013
-1.28236 -5.38046 -0.332554 0.633717
-1.0682 -5.42214 -0.0423341 0.617874
-0.856561 -5.40133 0.247885 0.602031
-0.664843 -5.32293 0.538105 0.586188
-0.507878 -5.19641 0.828324 0.570346
-0.396808 -5.03482 1.11854 0.554503
-0.338317 -4.85347 1.40876 0.53866
-0.334285 -4.66848 1.69898 0.522817
-0.381889 -4.4954 1.9892 0.506974
-0.45641 -4.2914 1.85693 0.728692
-0.520438 -4.0037 1.72465 0.950411
-0.552901 -3.63283 1.59237 1.17213
-0.532859 -3.18345 1.4601 1.39385
-0.440226 -2.66428 1.32782 1.61556
-0.256479 -2.08794 1.19555 1.83728
-0.0689238 -1.45853 1.37058 1.91813
0.00940716 -0.777997 1.54561 1.99899
-0.0336573 -0.0660108 1.72065 2.07984
-0.206627 0.655084 1.89568 2.16069
-0.329303 1.35393 1.57806 1.91777
-0.23999 1.97238 1.26044 1.67485
6.37898e-05 2.45631 0.942814 1.43193
0.319568 2.78101 0.625192 1.18901
0.649047 2.95127 0.307569 0.946088
0.985494 3.03686 0.189032 1.03628
1.28907 3.14222 0.500516 0.81371
1.53772 3.30184 0.643239 0.87443
1.77721 3.50909 0.785961 0.935151
1.99871 3.76432 0.928684 0.995872
2.19317 4.06631 1.07141 1.05659
2.39538 4.3321 0.749547 0.865464
2.61605 4.48304 0.427688 0.674336
2.88032 4.59289 0.362044 0.953352
3.24359 4.71682 0.2964 1.23237
3.59745 4.8372 0.364799 0.913049
3.83926 4.93818 0.433198 0.59373