-1.5708 0
-1.72493 -1.28198
-2.11189 -1.94505
-2.55569 -1.79353
-2.89742 -1.12714
-3.06229 -0.297106
-2.75917 2.91104
-1.77531 5.37238
-0.479777 5.46799
0.532586 3.35414
1.12222 1.93628
1.49237 1.4155
1.64705 -0.0128425
1.65698 0.102825
1.69853 0.273941
1.61524 -1.02912
1.57559 0.669561
1.63966 -0.088586
1.53123 -0.894692
1.19177 -2.18096
0.448747 -4.4852
-0.619964 -4.77597
-1.64592 -3.80074
-2.22613 -1.04347
-2.09143 2.17342
-1.30235 4.39702
-0.223884 4.70616
0.643438 2.90882
1.17825 1.89981
1.58755 1.80867
1.88323 0.870739
2.02205 0.384336
2.07419 0.0863018
2.06484 -0.170651
1.98954 -0.509289
1.8115 -1.10155
1.43905 -2.27517
0.581391 -5.45484
-0.782587 -6.36208
-2.18504 -5.32869
-3.06768 -2.19604
-3.06143 2.25032
-2.0525 6.33321
-0.354845 7.8673
0.976201 3.87398
1.54125 1.24027
1.75412 0.689778
1.88625 0.506869
2.00693 0.584378
2.18883 1.05624
2.34906 0.382575
2.37607 -0.140674
2.28033 -0.717686
2.02342 -1.59577
1.48716 -3.2618
0.406302 -6.4633
-1.13784 -6.77013
-2.49657 -4.57159
-3.12489 -0.825575
-2.8715 3.01949
-1.70558 6.81089
-0.00947522 7.48383
1.26715 3.90208
1.89673 1.80483
2.16078 0.578849
2.18299 -0.378901
1.97359 -1.50971
1.43123 -3.40492
0.651701 -3.62134
-0.657415 -7.78399
-2.27311 -5.69423
-3.10675 -1.43398
-2.92226 3.03299
-1.75325 6.83854
-0.011883 7.82826
1.31283 3.9946
1.97096 1.96992
2.29348 0.935579
2.4304 0.290658
2.43504 -0.249184
2.30908 -0.878611
2.00395 -1.86867
1.37972 -3.78757
0.119819 -7.49042
-1.58037 -6.89251
-2.81297 -3.47295
-3.1185 0.830646
-2.43645 5.02141
-0.943588 7.43106
0.522179 5.219
1.3222 1.97836
1.50724 -0.300894
1.52227 0.437192
1.57094 0.00410106