-1.5708 0
-1.51288 0.481662
-1.36785 0.724955
-1.20689 0.616095
-1.10686 0.219157
-1.11376 -0.27684
-1.30694 -1.33489
-1.67769 -1.74932
-2.04468 -1.3092
-2.27627 -0.632276
-2.31632 0.295285
-2.01669 2.21796
-1.37463 3.12633
-0.694646 2.56857
-0.259131 1.14583
-0.181441 -0.476129
-0.52455 -2.46563
-1.2631 -3.74425
-2.11228 -3.32598
-2.68251 -1.49105
-2.76864 0.754374
-2.40215 2.36186
-1.7464 3.12614
-1.08079 2.41552
-0.718821 0.626885
-0.832544 -1.58648
-1.40044 -3.16175
-2.16843 -3.23591
-2.78585 -1.99309
-3.05439 -0.321753
-2.82527 2.29938
-2.00565 4.63174
-0.852957 4.97304
0.141411 3.55202
0.799217 2.28167
1.25428 1.82042
1.55084 0.867394
1.68858 0.381536
1.74183 0.101201
1.7392 -0.125017
1.70755 -0.161939
1.65816 -0.285785
1.56446 -0.563924
1.37576 -1.14692
1.10038 -1.34463
0.709128 -2.17288
0.0471425 -3.67807
-0.98151 -5.10221
-2.14268 -4.56938
-2.93656 -2.17361
-3.11775 0.60367
-2.66172 3.32444
-1.64279 5.22641
-0.447165 4.79373
0.478711 3.26883
1.0858 2.17066
1.42085 0.861823
1.51672 0.00738695