-1.5708 0
-1.60805 -0.309794
-1.70131 -0.465911
-1.80447 -0.392668
-1.8671 -0.129064
-1.79298 0.746461
-1.55208 1.25765
-1.26302 1.14797
-1.06652 0.492572
-1.06613 -0.489313
-1.39154 -2.22521
-2.00528 -2.88279
-2.61797 -2.2766
-3.00582 -1.05078
-2.95777 1.46626
-2.31635 4.00175
-1.23366 5.02373
-0.179 3.89954
0.525928 2.28021
0.742817 -0.344273
0.481705 -1.9838
-0.201767 -4.00067
-1.31848 -5.43298
-2.4028 -3.61609
-2.88119 -0.463655
-2.60943 2.79082
-1.66081 5.16675
-0.420368 5.22974
0.652052 4.14589
1.31878 1.86041
1.60979 0.777916
1.70832 0.1154
1.63632 -0.768131
1.3237 -2.0663
0.606571 -4.39081
-0.534363 -5.55108
-1.83947 -5.35811
-2.8098 -2.82566
-3.09344 0.375528
-2.80354 2.12656
-2.16382 3.29248
-1.39393 3.12067
-0.845306 1.4661
-0.76457 -0.785505
-1.18387 -2.73185
-1.923 -3.41895
-2.63522 -2.57387
-3.05497 -1.03281
-3.10452 0.602721
-2.75771 2.38845
-2.07392 3.39015
-1.31135 2.95785
-0.822979 1.12974
-0.825956 -1.15482
-1.31908 -2.97204
-2.08276 -3.38544
-2.76391 -2.37243
-3.13615 -0.840217
-2.99215 2.09
-2.19475 4.69734
-0.978022 5.43859
0.141774 4.13838
0.940112 2.9586
1.39827 1.18318
1.53126 0.0226408