-1.5708 0
-1.81889 -2.06387
-2.44462 -3.17689
-2.77696 0.345838
-2.29188 3.77436
-1.32848 4.25686
-0.487921 2.80925
-0.0931898 0.58442
-0.223043 -1.70716
-0.647091 -1.91341
-1.05852 -1.54703
-1.3073 -0.528707
-1.28218 0.737984
-0.994899 1.66094
-0.571296 1.90968
-0.156707 1.64047
0.162141 1.13315
0.37108 0.704715
0.496224 0.403335
0.564222 0.200878
0.59292 0.054559
0.282687 -2.80478
-0.528388 -4.21619
-1.48329 -3.78786
-2.1302 -1.60302
-2.16549 1.30713
-1.57326 3.63185
-0.631016 4.24902
0.286617 3.67474
0.924563 2.01081
1.27382 1.14258
1.45879 0.533372
1.54075 0.209865
1.56389 -8.71851e-05