-1.5708 0
-1.76081 -1.5805
-2.23856 -2.40944
-2.79709 -2.32516
-3.10428 -0.326805
-2.94604 1.69735
-2.3408 3.46151
-1.37851 4.56595
-0.405825 3.61494
0.223493 1.84086
0.452817 0.183275
0.310648 -1.44028
-0.223992 -3.22151
-1.13682 -4.50758
-2.1451 -3.88846
-2.79907 -1.65158
-2.87799 0.973299
-2.34366 3.57691
-1.33582 4.82944
-0.294283 3.95116
0.431343 2.38196
0.83661 1.23314
1.03448 0.547254
1.10725 0.109385
1.08876 -0.276347
1.10323 0.406968
1.25882 0.99952
1.43822 0.625763
1.53972 0.294521
1.58571 0.122603
1.60112 0.0171027
1.59428 -0.079135
1.5937 0.0738448