-1.5708 0
-1.64303 -0.600743
-1.82396 -0.904854
-2.02537 -0.775006
-2.1533 -0.29545
-2.04315 1.2176
-1.63609 2.17432
-1.1262 2.07082
-0.756119 1.03543
-0.67884 -0.382288
-0.922039 -1.66751
-1.39318 -2.2672
-1.85446 -1.57025
-2.05675 -0.118281
-1.9047 1.38805
-1.46959 2.23253
-0.962739 1.99606
-0.615633 0.930482
-0.556983 -0.432453
-0.804949 -1.66589
-1.27527 -2.27166
-1.80193 -2.10971
-2.1665 -0.935098
-2.20105 0.645186
-1.89072 1.94989
-1.37597 2.33266
-0.90543 1.59845
-0.690806 0.210686
-0.814077 -1.25134
-1.22963 -2.22939
-1.81342 -2.62782
-2.34087 -1.78617
-2.58339 -0.266382
-2.4574 1.33495
-2.0041 2.47332
-1.40647 2.50088
-0.957852 1.2445
-0.874919 -0.547844
-1.1927 -2.11345
-1.77056 -2.69507
-2.33168 -1.99796
-2.63166 -0.542672
-2.56993 1.06778
-2.16483 2.34975
-1.45173 3.59261
-0.646131 3.15314
-0.0772429 1.72174
0.137036 0.145424
-0.00986792 -1.42735
-0.574183 -3.4237
-1.50763 -4.39679
-2.43425 -3.34599
-2.95843 -1.13213
-2.94339 1.262
-2.39157 3.44679
-1.40084 4.82313
-0.347062 4.04507
0.401171 2.47388
0.82459 1.30047
1.03675 0.608282
1.12544 0.192159
1.13217 -0.131376
1.06019 -0.518466
0.740223 -2.35875
0.043002 -3.80655
-1.00911 -5.16845
-2.17311 -4.52692
-2.94813 -2.06111
-3.09843 0.758981
-2.60319 3.49999
-1.56568 5.19255
-0.403305 4.56251
0.43867 2.77101
0.912073 1.45766
1.15442 0.727661
1.27364 0.350754
1.33707 0.223619
1.38537 0.214066
1.44412 0.318448
1.54476 0.594049
1.64824 0.344339
1.68619 -0.000295273
1.66599 -0.182799
1.64441 -0.0128634