-1.5708 0
-1.69461 -1.02974
-2.00512 -1.55721
-2.3565 -1.38971
-2.6056 -0.71932
-2.67233 0.151031
-2.51838 1.15801
-2.16711 1.80228
-1.74735 1.70099
-1.44893 0.78105
-1.41819 -0.525293
-1.67034 -1.5719
-1.85158 0.063136
-1.64369 1.66733
-1.33949 0.863168
-1.27941 -0.362627
-1.49268 -1.41266
-1.87481 -1.76666
-2.24035 -1.2903
-2.42826 -0.292945
-2.3673 0.807677
-2.0795 1.6091
-1.58956 2.47349
-1.0362 2.13723
-0.678384 0.873441
-0.657121 -0.693412
-0.979718 -2.02419
-1.52207 -2.49853
-2.03374 -1.76247
-2.2708 -0.224869
-2.13017 1.40529
-1.67179 2.41779
-1.01494 3.05347
-0.366012 2.43615
0.0689756 1.32432
0.244743 0.215221
0.169748 -0.873481
-0.161613 -2.01005
-0.876995 -4.08398
-1.91625 -4.57572
-2.76192 -2.55725
-3.04836 0.0884514
-2.72187 2.72307
-1.84628 4.64995
-0.749174 4.50177
0.106075 2.84102
0.562748 1.189
0.676362 -0.175836
0.477681 -1.59335
-0.083801 -3.33412
-1.03765 -4.77809
-2.12835 -4.30497
-2.87796 -2.05287
-3.04514 0.608423
-2.60257 3.19289
-1.64689 4.82024
-0.492792 4.84458
0.492393 3.72696
1.19233 2.55457
1.59413 1.08662
1.73637 0.202921
1.75175 -0.0634859
1.70461 -0.363795
1.56967 -0.859756
1.46743 -0.067355
1.53595 0.688639
1.60785 -0.0366034