-5 -5 0 0
-4.96052 -5.00295 -0.115067 0.220029
-4.84579 -5.0235 -0.230134 0.440058
-4.66034 -5.07881 -0.345201 0.660087
-4.41161 -5.18509 -0.460268 0.880116
-4.19113 -5.33054 -0.727794 0.640558
-4.04984 -5.475 -0.874544 0.518634
-3.95572 -5.63217 -1.19572 0.532297
-3.915 -5.81566 -1.51689 0.54596
-3.89722 -5.94252 -1.30698 0.197272
-3.89697 -5.94914 -1.09706 -0.151416
-3.96166 -5.85338 -0.887149 -0.500104
-4.06244 -5.67292 -1.22816 -0.681492
-4.10819 -5.40696 -1.56918 -0.86288
-4.05203 -5.07868 -1.91019 -1.04427
-3.85875 -4.7328 -2.25121 -1.22566
-3.51363 -4.42959 -2.59222 -1.40704
-3.02838 -4.23561 -2.93324 -1.58843
-2.44715 -4.17094 -3.13073 -1.7541
-1.84915 -4.13337 -3.02305 -1.67371
-1.28637 -4.03654 -2.91537 -1.59332
-0.764297 -3.88751 -2.80769 -1.51293
-0.287313 -3.69382 -2.70001 -1.43254
0.141331 -3.46333 -2.59233 -1.35215
0.510777 -3.15057 -2.27958 -1.42316
0.779152 -2.71829 -1.96683 -1.49416
0.907489 -2.2004 -1.65408 -1.56517
0.86856 -1.64345 -1.34133 -1.63617
0.650946 -1.10252 -1.02857 -1.70718
0.261623 -0.635765 -0.715824 -1.77818
-0.125971 -0.181626 -1.02544 -1.65084
-0.339679 0.328042 -1.33506 -1.52349
-0.384147 0.834362 -1.64468 -1.39615
-0.285509 1.35249 -1.87409 -1.61802
-0.0404131 1.90553 -2.10349 -1.83989
0.370551 2.45031 -2.3329 -2.06176
0.95403 2.93712 -2.5623 -2.28363
1.51733 3.42431 -2.28032 -1.99447
1.86817 3.96421 -1.99834 -1.70532
2.02602 4.48378 -1.71635 -1.41616
2.03219 4.92588 -1.43437 -1.127
1.94233 5.25512 -1.15239 -0.837838
1.81759 5.46063 -0.870403 -0.548678
1.71553 5.5558 -0.588419 -0.259519
1.68178 5.5748 -0.306436 0.02964
1.74351 5.56664 -0.024453 0.318799
1.87895 5.566 0.0138818 0.45145
2.06073 5.57206 0.0522167 0.584101
2.28844 5.58836 0.0905516 0.716752
2.56151 5.61844 0.128886 0.849403
2.87915 5.66579 0.167221 0.982054
3.24037 5.73385 0.205556 1.1147
3.64398 5.82603 0.243891 1.24736
4.08859 5.94566 0.282226 1.38001
4.52304 6.00081 -0.0496892 1.14081
4.87026 5.92883 -0.381604 0.901622
5.10373 5.79069 -0.713519 0.66243
5.226 5.64795 -1.04543 0.423238
5.26541 5.55104 -1.37735 0.184046
5.2684 5.52986 -1.70926 -0.0551458
5.28893 5.58848 -2.04118 -0.294338
5.31676 5.64174 -2.07124 -0.0558477
5.30506 5.62149 -2.10129 0.182642
5.24948 5.53023 -2.13135 0.421133
5.14578 5.37065 -2.1614 0.659623
4.98984 5.14561 -2.19146 0.898113
4.82804 4.89744 -2.10131 0.798229
4.72677 4.68021 -1.89597 0.579969
4.68897 4.52122 -1.69062 0.36171
4.68592 4.4341 -1.48528 0.143451
4.68664 4.42315 -1.27993 -0.0748077
4.66055 4.48308 -1.07458 -0.293067
4.57999 4.59955 -0.869239 -0.511326
4.42259 4.7502 -0.663893 -0.729585
4.26047 4.91577 -0.944956 -0.602566
4.12883 5.07571 -0.81488 -0.58249
4.01135 5.20703 -0.871601 -0.428937
3.93494 5.30275 -0.928321 -0.275384
3.87444 5.3625 -0.607518 -0.214354
3.81732 5.39085 -0.286714 -0.153324
3.77526 5.39696 0.034089 -0.0922942
3.75431 5.39351 0.354893 -0.0312641