-1.5708 0
-1.53998 0.256271
-1.46284 0.385349
-1.37757 0.324166
-1.32607 0.104591
-1.3334 -0.165645
-1.46001 -0.888081
-1.7077 -1.17196
-1.95423 -0.8817
-1.99858 0.51141
-1.7374 1.6656
-1.29594 2.0068
-0.888615 1.39919
-0.69552 0.228646
-0.789456 -1.02185
-1.13628 -1.88726
-1.59115 -1.90024
-1.93735 -0.98203
-2.01737 0.313918
-1.80417 1.46426
-1.39913 1.9049
-1.00009 1.42491
-0.790934 0.332716
-0.856639 -0.88606
-1.17164 -1.75264
-1.56834 -1.55005
-1.82494 -0.584944
-1.81527 0.665456
-1.54406 1.59093
-1.14468 1.73491
-0.807202 1.09464
-0.672801 0.040258
-0.78971 -1.02775
-1.21314 -2.5213
-1.85815 -2.84554
-2.41783 -1.84519
-2.65706 -0.185267
-2.49929 1.52642
-1.99293 2.72975
-1.33955 2.7077
-0.755941 2.17795
-0.397436 0.86761
-0.371582 -0.646295
-0.68431 -2.01536
-1.24706 -2.70522
-1.83076 -2.15102
-2.15604 -0.566256
-2.07219 1.26852
-1.61681 2.52661
-1.00639 2.55979
-0.699868 0.0206972
-0.997439 -2.5262
-1.70312 -3.35289
-2.32663 -1.85945
-2.50298 0.368969
-2.16637 2.46857
-1.44867 3.51195
-0.615638 3.46571
0.0669068 2.40363
0.398706 0.512836
0.309584 -1.30005
-0.211863 -3.24815
-1.15063 -4.70115
-2.29534 -4.83766
-3.07228 -1.79996
-3.11068 1.46618
-2.40602 4.57205
-1.13146 6.05811
0.186048 5.1863
1.05664 2.57784
1.45753 1.0506
1.58214 0.0793109
1.60918 0.16593
1.66523 0.342336
1.71046 0.0676736
1.6991 -0.170629
1.62505 -0.500742
1.56903 -0.00729063
1.56786 -0.00336229
1.56735 -0.00125558
1.56723 0.000170881
1.56726 0.000106623
1.56728 0.000100131