-1.5708 0
-1.70457 -1.11259
-2.04016 -1.68419
-2.4215 -1.51829
-2.69894 -0.837545
-2.67985 1.0006
-2.25822 2.56915
-1.57659 3.11843
-0.941862 2.17503
-0.64618 0.318237
-0.803622 -1.64888
-1.35613 -2.97387
-1.89562 -1.51474
-1.99646 0.67304
-1.61049 2.54208
-0.92409 3.18064
-0.244059 2.59411
0.241939 1.63378
0.521048 0.833014
0.6411 0.235829
0.635081 -0.289521
0.501166 -0.90221
0.154 -2.16015
-0.501616 -3.5024
-1.38882 -3.94648
-2.17237 -2.58188
-2.49136 -0.107193
-2.21886 2.40607
-1.46199 3.90412
-0.567721 3.59085
0.112698 2.2725
0.483495 0.994468
0.676232 0.721179
0.833338 0.685197
0.988871 0.713125
1.18566 1.0629
1.35907 0.506957
1.439 0.217467
1.4679 0.0444908
1.46128 -0.104538
1.41557 -0.309781
1.38074 -0.00592666
1.41261 0.294768
1.52823 0.753503
1.78992 1.61919
2.00952 0.367352
1.97267 -0.700183
1.84812 -0.426727
1.75967 -0.374469
1.71915 0.00713214
1.66468 -0.500919
1.60845 -0.00893308