-5 -5 0 0
-5.05992 -5.01083 0.276067 -0.339021
-5.17002 -5.02375 -0.0591014 -0.298589
-5.26451 -5.00284 -0.39427 -0.258158
-5.33568 -4.98115 -0.176078 -0.170306
-5.37924 -4.97753 0.0421147 -0.0824543
-5.3922 -4.9789 0.260307 0.00539745
-5.3759 -4.97205 0.4785 0.0932492
-5.33588 -4.94491 0.696692 0.181101
-5.28137 -4.88767 0.914885 0.268953
-5.2062 -4.80203 0.789435 0.379449
-5.09207 -4.70074 0.663986 0.489945
-4.93433 -4.59261 0.538536 0.600442
-4.72997 -4.4873 0.413087 0.710938
-4.47777 -4.39505 0.287637 0.821435
-4.17835 -4.3264 0.162188 0.931931
-3.83424 -4.29184 0.0367381 1.04243
-3.42671 -4.26562 0.0914698 1.28452
-2.9841 -4.25144 -0.031542 1.24858
-2.55562 -4.29054 -0.154554 1.21264
-2.14746 -4.37924 -0.277566 1.1767
-1.733 -4.50432 -0.309045 1.29386
-1.28383 -4.65545 -0.340524 1.41102
-0.801194 -4.83493 -0.372003 1.52818
-0.286481 -5.04499 -0.403482 1.64534
0.243316 -5.18387 -0.0957265 1.50085
0.739989 -5.15844 0.212029 1.35636
1.15851 -5.00157 0.519785 1.21187
1.47034 -4.75654 0.82754 1.06737
1.66511 -4.47032 1.1353 0.922884
1.74981 -4.18687 1.44305 0.778393
1.74577 -3.94144 1.75081 0.633901
1.68387 -3.75643 2.05856 0.48941
1.58981 -3.55633 1.966 0.766587
1.48137 -3.2573 1.87343 1.04376
1.36956 -2.9129 1.89672 1.02593
1.25182 -2.57708 1.92002 1.0081
1.12849 -2.24994 1.94331 0.990265
0.99992 -1.93154 1.9666 0.972432
0.866437 -1.62196 1.9899 0.954599
0.728384 -1.32124 2.01319 0.936766
0.586099 -1.02943 2.03649 0.918933
0.439922 -0.746558 2.05978 0.9011
0.29019 -0.472644 2.08307 0.883267
0.13724 -0.207696 2.10637 0.865435
-0.0116507 0.0987664 1.94101 1.07766
-0.129273 0.496655 1.77565 1.28989
-0.189013 0.982097 1.61029 1.50211
-0.239932 1.48285 1.7395 1.37957
-0.345116 1.93114 1.86871 1.25702
-0.431419 2.35141 1.67078 1.20025
-0.433317 2.76061 1.47284 1.14348
-0.358538 3.14272 1.27491 1.08671
-0.217656 3.48434 1.07697 1.02995
-0.0370668 3.76449 0.910339 0.88111
0.152349 3.97242 0.743705 0.732273
0.332612 4.11404 0.577071 0.583437
0.48811 4.19903 0.410437 0.4346
0.606317 4.24022 0.243804 0.285764
0.678374 4.25279 0.0771698 0.136927
0.699486 4.25343 -0.0894639 -0.0119091
0.669133 4.25939 -0.256098 -0.160746
0.630419 4.26651 -0.0780725 -0.0671484
0.623769 4.26694 0.0999526 0.0264487
0.649578 4.2698 0.117199 0.119281
0.70757 4.27716 0.134446 0.212114
0.797586 4.29016 0.151692 0.304947
0.91944 4.30988 0.168939 0.397779
1.07292 4.33743 0.186185 0.490612
1.25778 4.3739 0.203432 0.583445
1.47374 4.42039 0.220678 0.676277
1.66256 4.47885 0.395975 0.460792
1.77151 4.53449 0.571272 0.245306
1.80942 4.5623 0.746569 0.0298203
1.79116 4.54064 0.921866 -0.185665
1.76042 4.5059 0.742663 -0.082685
1.75252 4.49914 0.56346 0.0202954
1.77552 4.5104 0.384257 0.123276
1.83457 4.52793 0.205054 0.226256
1.93155 4.53889 0.0258514 0.329236
2.06486 4.53018 -0.153351 0.432217
2.22105 4.51205 -0.076552 0.465566
2.38984 4.50549 0.00024743 0.498916
2.57028 4.51235 0.0770469 0.532265
2.76127 4.53436 0.153846 0.565614
2.96146 4.57317 0.230646 0.598964
3.16933 4.63032 0.307445 0.632313
3.41554 4.66458 -0.0281126 0.79029
3.6767 4.69444 0.268923 0.71934
3.89503 4.78949 0.565958 0.648391
4.05722 4.92816 0.862993 0.577441
4.1585 5.0873 1.16003 0.506491
4.22343 5.22461 1.09265 0.365645
4.27335 5.31425 1.02527 0.224799
4.30226 5.35905 0.957886 0.0839521
4.30447 5.36244 0.890505 -0.0568944
4.27466 5.32839 0.823124 -0.197741
4.20794 5.26139 0.755744 -0.338587
4.09991 5.16644 0.688363 -0.479434
3.96202 5.06676 0.560386 -0.493134