-1.5708 0
-1.63797 -0.558645
-1.80621 -0.841209
-1.99327 -0.718374
-2.11111 -0.266932
-2.10624 0.307715
-1.97997 0.747842
-1.78896 0.844253
-1.6235 0.532372
-1.56465 -0.0429161
-1.64158 -0.596892
-1.81618 -0.856007
-2.0032 -0.70345
-1.99519 0.770329
-1.67661 1.8841
-1.20069 2.07639
-0.796183 1.3135
-0.634243 0.0552217
-0.851591 -1.89105
-1.4323 -2.96128
-2.10221 -2.61784
-2.54851 -1.14267
-2.60076 0.698588
-2.24266 2.32826
-1.60213 3.01662
-0.969404 2.25807
-0.581278 1.01608
-0.525441 -0.541299
-0.818686 -1.9412
-1.3617 -2.60028
-1.91768 -2.02571
-2.21936 -0.498351
-2.13082 1.2411
-1.69048 2.43209
-1.10458 2.44567
-0.649998 1.37697
-0.618751 -1.11198
-1.13356 -3.21904
-1.98659 -3.88099
-2.78526 -2.86277
-3.13879 -0.191728
-2.87273 2.49483
-2.02492 4.68274
-0.876967 4.88133
0.0790587 3.30111
0.644035 1.68968
0.894335 0.552677
0.915247 -0.364643
0.637178 -2.12749
-0.113101 -4.47582
-1.28559 -5.448
-2.43038 -4.10603
-3.06538 -1.3319
-3.03386 1.60532
-2.3399 4.32292
-1.16869 5.44085
-0.0186019 4.32954
0.811722 3.01311
1.31022 1.48459
1.55211 0.708069
1.66478 0.31362
1.70913 0.0884624
1.69163 -0.247042
1.58546 -0.715651
1.33326 -1.5708
0.80177 -3.22518
-0.0803075 -4.56425
-1.27569 -5.56114
-2.44682 -4.21373
-3.10416 -1.42205
-3.09327 1.51675
-2.41528 4.29091
-1.23446 5.56059
-0.0466509 4.51369
0.755219 2.56793
1.20039 1.44145
1.43728 0.704098
1.55264 0.341921
1.60852 0.16477
1.63516 0.0768326
1.64699 0.0304402
1.6504 0.000492474
1.64724 -0.0291893
1.64079 -0.0292574